0050
0051
0052
0053
0054
0055
0056
0057
0058
0059
0060
0061
00636
00639
00643
00645
00646
00649
00652
00657
00660
00661
00662
00667
00668
00678
00690
00692
00700
00701
00702
00703
00709
00712
00713
00714
00717
00728
00730
00731
00732
00733
00735
00736
00737
00739
00742
00743
00752
00757
00762
00767
00770
00771
00776
00783
0080
0081
00830
00850
00851
00858
00861
00866
00875
00876
00877
00878
00881
00882
00885
00886
00887
00888
00891
00892
00893
00894
00895
00896
00897
00898
00899
00900
00901
00902
00903
00904
1101
1101B
1102
1103
1104
1108
1109
1110
1201
1203
1210
1213
1215
1216
1217
1218
1219
1220
1225
1227
1229
1231
1232
1233
1234
1235
1236
1240
1256
1258
1259
1260
1262
1264
1268
1269
1271
1293
1301
1303
1304
1305
1307
1308
1309
1310
1312
1312A
1313
1314
1315
1316
13164
13165
1319
1321
1323
1324
1325
1326
1333
1336
1337
1338
13381
1339
1340
1341
13411
1342
1343
1402
1409
1410
1413
1414
1416
1417
1418
1419
1423
1432
1434
1435
1436
14361
14362
1437
1438
1439
1440
1441
1442
1443
1444
1445
1446
1447
1449
1451
1452
1453
1454
1455
1456
1457
1459
1460
1463
1464
1465
1466
1467
1468
1469
1470
1471
1472
1473
1474
14742
1475
1476
1477
1503
1504
1506
1507
1512
1513
15132
1514
1515
1516
1517
1519
1521
1522
1522A
1524
1525
1526
1527
1528
1529
1530
1531
1532
15324
1533
15332
1535
1536
1537
1538
1539
1540
1541
1558
1560
1563
1565
1566
1568
1569
1570
1580
1582
15823
1583
1584
1585
1586
15862
15863
1587
1589
15893
1590
1591
1592
1593
15932
1594
1595
1597
1598
15982
15983
1599
1602
1603
1604
1605
1608
1609
16094
1611
1612
1613
1614
1615
1616
1617
16173
1618
1626
16263
16264
1701
1702
1704
1707
1708
1709
1710
1711
1712
1713
1714
1715
1717
1718
1720
1721
1722
1723
1724
1725
1726
1727
1729
1730
1731
1732
1733
1734
1735
1736
1737
1742
1752
1760
1762
1773
1776
1777
1780
1781
1783
1784
1785
1786
1787
1788
17881
1789
1795
1796
1799
1802
1805
18051
1806
1808
1809
1810
1813
1815
18155
18156
1817
1902
1903
1904
1905
1906
1907
1909
19094
2002
2002A
2006
2007
2008
2009
2010
2012
20121
20122
20123
2013
2014
2015
2017
2020
2022
2023
2024
2025
2027
2028
2029
2030
2031
2032
2033
2034
20343
2035
2038
2049
2059
2061
20612
2062
2063
20631
2064
2065
20652
2066
20661
2067
2069
20694
2070
2071
2072
2073
2101
2102
2103
2104
2105
2106
2107
2108
2109
2114
2115
2201
2204
2206
2207
2208
22081
2211
2221
2227
2228
22282
2230
2231
2233
2235
2236
2237
2239
22393
2241
2243
22431
2245
2246
2247
2248
2249
2250
2252
2254
2255
2256
2301
2302
2303
2305
2308
2311
2312
2313
2314
2316
2317
2321
2323
2324
2325
2327
2328
2329
2330
2331
2332
2337
2338
23383
2340
2342
2344
2345
2347
2348
2348A
2349
2351
2352
2353
2354
2355
2356
2357
2358
2359
2360
2361
2362
2363
2364
2365
2367
2368
2369
2371
2373
2374
2375
2376
2377
2379
2380
2382
2383
2385
2387
2388
2390
2392
2393
2395
2396
2397
2399
2401
2402
2404
2405
2406
2407
2408
2409
2412
2413
2414
2415
2417
2419
2420
2421
2423
2424
2425
2426
2427
2428
2429
2430
2431
2433
2434
2436
2437
2438
2439
24393
2440
2441
2442
2443
2444
2448
2449
2450
2451
2453
2454
2455
2456
2457
2458
2459
2460
2461
24616
2462
2464
2465
2466
24663
2467
2468
2471
2472
24723
2474
2475
2476
2477
2478
2480
2481
2482
24822
2483
2484
2485
2486
2488
2489
2491
2492
24921
2493
2495
2496
2497
2498
2499
2501
2504
2505
2506
2509
2511
2514
2515
2516
2520
2524
2527
2528
25282
2530
2534
2535
2536
2537
2538
2539
25391
25392
2540
2542
25425
2543
2545
2546
2547
2548
2596
2597
2599
2601
2603
26034
2605
2606
2607
2608
2609
2610
26107
2611
2612
2613
2614
2615
2616
2617
2618
26185
2630
26301
26302
2633
2634
2636
2637
2640
2641
2642
2643
2645
2701
2702
2704
2705
2706
2707
2712
2718
2719
2722
2723
2724
2726
2727
2729
27291
2730
2731
27311
27312
2732
2733
2734
2736
2739
2740
2741
2743
2745
2748
27481
2750
2752
2753
2754
2755
2756
2758
2761
2801
2809
2812
2816
2820
2823
2832
2833
2833A
2834
2836
2836A
2838
2838A
2841
2845
2847
2849
2850
2851
2852
2855
2856
2867
2880
2881
2881A
2881B
2881C
2882
2882A
2882B
2883
2883B
2884
2885
2886
2887
2887E
2887F
2888
28886
2888A
2888B
2889
2890
2891
2891A
2891B
2891C
2892
2897
2897A
2901
2903
2904
2905
29051
2906
2908
2910
2911
2912
2913
2915
2916
2923
2924
2926
2928
2929
2936
2937
29371
2938
2939
2941
2942
2945
2947
2948
3002
3003
3004
3005
3006
3008
3010
30103
3011
3013
3014
3015
3016
30163
30164
3017
3018
30184
3019
3021
3022
3023
30237
3024
3025
3026
3027
3028
30284
3029
3030
3031
3032
3033
30335
3034
3035
3036
3036A
3037
3038
3040
3041
3042
30425
3043
3044
3045
3046
3047
30477
3048
3049
3050
3051
3052
3054
3055
3056
3057
3058
3059
3060
3062
3064
3066
3067
3068
3071
3073
3078
3081
3083
3085
3086
3088
3089
3090
3092
30921
3093
3094
3095
3097
3105
3114
3115
3117
3118
3122
31221
3128
3130
3131
3135
3138
31381
3141
31412
3144
3147
3149
31493
3150
3152
3158
3162
3163
31632
3164
3167
31671
3168
3169
3171
31712
3176
3178
3184
3188
31881
3189
3191
3202
32024
3205
3206
3207
3209
3211
3213
3217
3218
3219
3221
3224
3226
3227
3228
3229
3230
3231
3232
3234
3236
3252
3257
3259
3260
32607
3264
3265
3266
3268
32681
3272
3276
3284
3285
3287
3288
3289
3290
3291
3293
3294
3296
3297
3299
3303
3305
3306
3308
3310
33101
3311
3312
3313
3315
3317
3321
3322
3323
3324
33244
3325
3332
3338
33382
3339
33394
3346
33463
33464
3349
3354
3356
3357
3360
3362
3363
33632
3372
3373
3374
3376
3379
3380
3383
3388
3390
3402
3406
3413
34132
3416
34162
3419
3426
3428
3430
3431
3432
3434
3437
3438
3441
3443
3444
3447
3450
3452
3454
3455
3465
34653
3466
3474
3479
3481
3483
34833
3484
34842
3485
3489
34891
3490
3491
3492
3494
3498
3499
3501
3504
3508
3511
3512
35121
3514
3515
3516
3518
3519
3520
3521
35211
3522
3523
3526
35264
35265
3527
3528
3529
3530
3531
3532
3533
35331
3535
3536
3537
3540
3541
3543
3545
3546
3548
3550
3551
3552
3553
3555
3556
3557
3558
3559
3561
3562
3563
3564
3567
3570
3573
3576
35763
3577
3579
3580
35802
3581
3583
3585
3587
3588
3591
35913
3592
3593
3594
35943
3595
3596
35961
3597
35971
3598
3603
3605
36052
3607
3609
3611
3615
3617
36171
3622
3623
3624
3625
36253
3627
3628
3629
3630
3631
36313
3632
3633
3642
3645
3646
3652
3653
36533
3658
3659
3661
3662
3663
3664
3665
3666
3669
3672
3673
3675
3678
3679
3680
3682
3684
3685
3686
3687
3689
36893
3691
36912
3693
3694
3698
3701
37011
3702
3702A
3703
3704
3705
3706
3707
37073
37074
3708
37083
37084
3709
3710
37101
3711
3712
3713
37131
3714
4102
4103
4104
4105
4106
4107
4108
4109
4111
4113
4114
4116
4117
4119
4120
4121
41212
4123
41234
41235
4126
4127
4128
4129
41293
4129A
4130
4131
4132
4133
4136
4137
4138
4139
4141
4142
4144
4147
4148
4150
4151
4152
4153
4154
4155
41551
41552
4157
4160
4161
4162
4163
4164
41644
4166
4167
41672
4168
4169
4171
41712
4172
4173
4174
4175
41752
4180
4183
4186
4188
4190
41902
4192
4194
4195
4197
4198
4205
4207
4303
4304
4305
4306
43068
43069
4401
4402
4406
4413
4414
4415
4416
44162
4417
4419
4420
4426
4429
4430
4431
4432
4433
44331
44332
4438
44381
4439
4440
4441
4502
4503
4506
4510
4513
4523
4526
4527
4528
4529
4530
4532
4533
4534
4535
4536
4537
4538
4540
4541
4542
4543
4544
4545
4546
4549
4550
4551
4552
4553
4554
4555
45552
4556
45561
45562
4557
4558
4559
4560
4561
4562
4563
45631
4564
4565
4566
45661
45662
4568
4571
4572
4573
4575
4576
4577
4578
4580
4581
4582
4583
4584
4609
4702
4703
4706
4707
4711
4712
4714
47146
47147
4716
4720
47202
47203
4721
4722
4725
4726
4728
4729
4732
4733
4735
4736
47363
4737
4738
4739
47393
4741
4743
4744
47441
4745
4746
4747
4749
4754
4755
4760
47601
4762
4763
47631
47632
4764
4765
4766
4767
4768
4770
4771
4803
4804
4806
4807
48071
4903
4904
4905
4906
4907
4908
4909
4911
4912
49124
4915
4916
49162
49163
4919
4923
4924
4925
4927
4930
4931
4933
4934
4935
4938
4939
4942
4943
4944
4945
4946
4947
4950
4951
4952
4953
4956
4958
4960
4961
4965
4966
4967
4968
4971
4972
4973
4974
4976
4977
4979
4980
4984
4987
4989
4991
4994
4995
4999
5007
5009
5011
50112
5013
5014
5015
5016
5102
5201
5202
5203
5205
5206
5209
5210
5211
5212
5213
52137
5215
5220
5222
5223
52231
5225
5227
5228
5230
5233
5234
5236
5240
5243
5244
5245
5248
5251
5254
5255
5258
5259
5262
5263
52633
52634
5264
5266
5267
5269
5271
5272
5274
5276
5277
5278
5281
5283
5284
52842
5285
5287
5288
5289
5291
52911
5292
5297
5299
5301
5302
5304
5305
5306
53063
5309
53094
5310
5312
5314
5315
5317
5321
5324
5325
5328
5340
5344
5345
5347
5348
5349
5351
5353
5355
5356
5364
5371
5381
5383
5384
5386
5387
5388
5392
5395
5398
5403
5410
5425
5426
5432
5434
5438
5439
5443
5450
5452
5455
5457
54572
5460
5464
5465
5466
5468
5469
5471
5474
5475
5478
5480
5481
5483
5484
5487
5488
5489
5490
5491
5493
5498
54983
5505
5506
5508
5511
5512
5514
5515
5516
5519
5520
5521
5522
5523
5525
5529
5530
5531
5533
5534
5536
55361
5538
5543
55431
55432
5546
55461
5547
5601
5603
5604
5607
5608
5609
5701
5703
5704
5706
5820
5859
5863
5864
5871
58711
5871A
5876
5878
5880
5902
5903
5904
5905
59055
5906
5907
6005
6015
60151
6016
6020
6021
6022
6023
6024
6026
6027
6028
6101
6103
6104
6105
6107
6108
6109
6111
6112
6113
6114
6115
6116
6117
6118
6120
6121
6122
6123
6124
6125
6126
6127
6128
6129
6130
6131
6133
6134
6135
6136
6138
6139
6140
6141
6142
6143
6144
6145
6146
6147
6148
6150
61505
6151
6152
6153
6154
6155
6156
61564
6158
6160
6161
6163
61634
6164
6165
6166
6167
6168
6169
6170
6171
6172
6173
6174
6175
61754
6176
6177
6179
61791
61792
6180
6182
61827
6183
6184
6185
6186
6187
61874
6188
6189
61893
6190
61905
6191
6192
6194
6195
6196
61964
6197
6198
6199
6201
6202
6203
62031
6204
6205
62053
6206
6207
6208
6209
62092
6210
6211
6212
6213
6214
6215
6216
6217
62174
6218
6219
6220
62209
6221
6222
6223
62234
6224
62241
6225
6226
6227
6228
6229
6230
6231
6233
6234
6235
6236
6237
6238
6239
6240
6241
6242
6243
6244
6245
6246
6247
6248
62482
62483
6250
6251
62512
6257
62573
62574
6259
6261
6263
6264
6265
6266
6269
6270
6271
6272
6274
62743
6275
62756
6276
6277
6278
6279
6281
6282
62821
6283
62832
6284
6285
6286
6287
6288
62881
62882
6289
6290
62909
6291
6292
6294
6298
6403
6404
6405
6407
6409
6411
6412
6414
64143
64144
6415
6416
64161
6417
6418
6419
6422
6423
6425
6426
6428
6431
6432
64323
6434
6435
6438
6441
64413
64414
64415
6442
6443
6446
6449
6451
64511
6452
6456
6457
6461
6462
6464
6465
64651
6468
6469
6470
6472
6473
6474
6477
64773
6482
6485
6486
64861
6488
6491
6492
6493
6494
6495
6496
64961
6497
6498
6499
6504
6505
6506
6508
6509
65095
6510
6512
6514
6515
6516
6517
6518
6523
6525
6527
6530
6531
6532
65321
6533
6534
6535
6536
6538
6539
6541
6542
6543
6545
6546
6547
6548
6549
6550
6552
65521
6554
6555
6556
6558
65581
6559
6560
6561
6562
6564
6565
6566
6568
6569
6570
6572
6573
6574
6575
6576
6577
6578
65781
6579
6580
6581
6582
6583
6584
6585
6586
6588
6589
6590
6591
65912
6592
6593
6594
6595
6596
6597
6598
6599
6603
6605
6606
6609
6610
6611
6612
6613
6615
6616
66161
66162
6617
6618
6620
6621
6622
6624
6625
6626
6629
66291
6634
6637
6638
6639
6640
6641
66411
6642
6643
6645
6648
6649
6650
6651
6652
6654
66541
6655
66551
6657
6658
6661
6662
6664
6665
6666
6667
6668
66681
66682
66683
6669
6670
66701
6671
6672
6673
6674
6676
6677
6679
6680
6682
6683
6684
6689
6690
6691
6692
6693
6695
6696
6697
6698
6699
6702
6703
6705
6706
67061
6708
6709
6712
6715
67151
6716
6717
6719
6720
6721
6723
6724
6727
67271
6728
6729
6730
6731
6732
6733
6734
6735
6736
6737
6738
6739
6741
6742
6743
6744
6747
6748
6750
6751
6752
6753
6754
6755
6756
6757
6758
6761
6762
6763
6764
6767
6768
6770
6771
6775
6776
6780
6781
6782
6784
6785
6786
6787
6788
6789
6790
6791
6792
6793
6794
6796
6797
6799
6803
6804
6805
6806
6808
6810
6811
6812
6813
6814
6815
6816
6817
6818
6819
6820
6821
6823
6825
6826
6827
6829
6830
6831
6832
6833
6834
6835
6837
6838
6839
6840
6841
6842
6843
6844
6847
6848
6850
6855
6856
6857
6858
6859
6861
6864
6865
6868
6869
6870
6873
6874
6875
6877
6878
6879
7402
74021
7419
7427
7443
7452
7507
7516
7530
7547
7551
7555
7556
7558
7561
7566
7584
7590
7595
8011
80114
8016
8021
8024
8027
80272
8028
80281
8032
8033
8034
8038
8039
8040
8041
8042
80425
8043
8044
80441
8045
8046
8047
8048
8049
8050
80505
8053
8054
8059
8064
8066
80661
8067
8068
8069
8070
8071
8072
8074
8076
8077
8079
8080
8081
8082
8083
8084
8085
8086
8087
8088
8089
8091
8092
80923
8093
8096
8097
80972
8099
8101
8103
81034
8104
81041
81042
8105
8107
8109
81091
8110
8111
8112
81129
8112A
8114
8115
8119
8121
8131
8147
81472
8150
8155
8163
8171
81713
8176
8179
8182
8183
8201
8210
8213
8215
8222
8227
8234
8240
8249
8255
8261
8266
8271
8277
8279
8281
8284
8287
8289
8291
8298
8299
82991
8329
8341
8342
8349
83494
8349A
8354
8358
8359
8367
83671
8374
8383
8390
8401
8403
8404
8406
8409
8410
8411
8415
8416
8418
8420
8421
8422
8423
8424
8426
8427
8429
8431
8432
8433
8435
8436
8437
8438
8440
8442
8443
8444
8446
8450
8454
8455
8458
8462
84622
8463
8464
8465
8466
84661
8467
84671
8472
8473
84732
8476
8477
8478
8480
8481
8482
8487
8488
8489
8490
8491
8492
8497
8499
84991
8905
8906
8908
8913
8916
8916A
8917
8921
8923
8924
8925
8926
8927
89275
89276
8928
8929
8930
8931
8932
89321
8933
89335
8934
8935
8936
8937
8938
8940
8941
8942
8996
9103
9105
9106
9110
9136
9157
9188
9802
98025
9902
9904
9905
9906
9907
9908
9910
9911
9912
9914
9917
9918
9919
9921
9924
9925
9926
9927
9928
9929
9930
9931
9933
9934
9935
9937
9938
9939
9940
9941
9941A
9942
9943
9944
9945
9946
9949
9950
9951
9955
9957
9958
99584
9960
9962